digits_cgs =[-0.149744; -0.388397; -0.538967; -0.649822; -0.737848; -0.810925; -0.873421; -0.877252; nan; nan; nan; ];
digits_mgs =[0.00402757; -0.230086; -0.290932; -0.434911; -0.475256; -0.618893; -0.810786; nan; nan; nan; nan; ];
digits_dgs =[-0.149747; -0.229384; -0.439641; -0.542276; -0.651414; -0.683385; -0.731907; -0.801927; nan; nan; nan; ];
times_cgs=[2.9e-05; 3.6e-05; 4.8e-05; 0.000196; 0.000214; 0.000185; 0.000244; 0.000138; 0.000146; 0.00048; 0.000336; ];
times_mgs=[0; 0; 0; 0; 1e-06; 1e-06; 1e-06; 2e-06; 1e-06; 1e-06; 2e-06; ];
times_dgs=[1e-06; 1e-06; 1e-06; 2e-06; 2e-06; 2e-06; 2e-06; 3e-06; 4e-06; 4e-06; 7e-06; ];
