digits_cgs =[-0.149744; -0.388397; -0.538967; -1.04058; -0.765936; -3.83002; -7.5265; -0.948519; -31.1689; -1.05665; nan; ];
digits_mgs =[-0.149754; -0.553506; -0.453542; -1.0283; -0.74997; -3.82999; -7.5265; nan; nan; nan; nan; ];
digits_dgs =[-0.388435; -0.60904; -1.05502; -1.93466; -3.83006; -7.5265; -15.4588; -31.1689; nan; nan; nan; ];
times_cgs=[5.08e-08; 1.142e-07; 2.623e-07; 4.414e-07; 6.257e-07; 9.658e-07; 1.3137e-06; 1.7557e-06; 2.3694e-06; 3.0234e-06; 3.8556e-06; ];
times_mgs=[4.73e-08; 1.019e-07; 2.318e-07; 3.72e-07; 4.782e-07; 6.767e-07; 9.852e-07; 1.1959e-06; 1.7301e-06; 2.0918e-06; 2.7032e-06; ];
times_dgs=[2.549e-07; 4.197e-07; 9.26e-07; 1.9394e-06; 5.216e-06; 3.9599e-06; 5.0856e-06; 9.538e-06; 9.971e-06; 1.56407e-05; 1.63207e-05; ];
